NAME	= CBERS_4A_WPM_20210817_244_127_L4_BAND4
DESCRIPTION	= 
UNIT	= 
DATAFORMAT	= SHORTINT
DATAFILE_OFFSET	= 0
BYTEORDER_BIG	= FALSE
TOPTOBOTTOM	= FALSE
POSITION_XMIN	= 338262.0000000000
POSITION_YMIN	= 8745262.0000000000
CELLCOUNT_X	= 1642
CELLCOUNT_Y	= 1355
CELLSIZE	= 8.0000000000
Z_FACTOR	= 1.000000
Z_OFFSET	= 0.000000
NODATA_VALUE	= 0.000000;0.000000
